6514 
9645 
7411 
6695 
4997 
8955 
4438 
8665
3204 
7465 
3005 
6914 
1314 
9775 
2905 
7571 
9611 
1554 
1074 
2747 
6112 
3355 
7290 
5812 
4402 
7871 
1765 
2572 
5526 
5033 
3337 
4483 
5688 
5772 
4111 
8343 
5710 
4445 
9285 
8087 
9587 
8687 
6358 
7335 
1297 
2037 
6512 
9474 
3588 
5534 
6299 
3428 
6233 
2488 
5226 
3372 
4706 
3566 
2994 
2928 
5697 
5002 
3328 
7513 
1908 
9450
2442 
7007 
8430 
3387 
1172 
3245 
8576 
9973 
8856 
4261 
7387 
5789 
1675 
5010 
8094 
1992 
3165 
8655 
1705 
8022 
5955 
7086 
1396 
8080 
9595 
7294 
1021 
9419 
5786 
7596 
8269 
3859 
9800 
6566 
6331 
1530 
6835 
2007 
9894 
5598 
6124 
3965 
2935 
5959 
6398 
2844 
1930 
8902 
1712 
2766 
3008 
8864 
4656 
4560 
4220 
1177 
7883 
5017 
4018 
4728 
5342 
2491 
3294 
8598 
4884 
1346 
9467 
8602 
9461 
2870 
4953 
4499 
2186 
8918 
3715 
3119 
6774 
2153 
9242 
2626 
5860 
8092 
3944 
3896 
6138 
9596 
8743 
9387 
6089 
1064 
8290 
7889 
7352 
6609 
1814 
7101 
6821 
3596 
2227 
9863 
8543 
7236 
8604 
9855 
4149 
3845 
9851 
9746 
3595 
1039 
9942 
3855 
1169 
1436 
2272 
3014 
5753 
7910 
4830 
5040 
5776 
4963 
2355 
8227 
1813 
3093 
6380 
5037 
8478 
6764 
9758 
8625 
4513 
6788 
9402 
5409 
1128 
7515 
2640 
2617 
5549 
6162 
4522 
2458 
1583 
5513 
2619 
3254 
1147 
1980 
7102 
5562 
8789 
4138 
2821 
3832 
2211 
9270 
1690 
3885 
4235 
8715 
3752 
8337 
3571 
1316 
9142 
9141 
8465 
9022 
4629 
8565 
1188 
6489 
3754 
8428 
7096 
3467 
8658 
3964 
5239 
3539 
1387 
3047 
4787 
7421 
2229 
2460 
9494 
3020 
4859 
4013 
9591 
5981 
2566 
8381 
6891 
3810 
4707 
6980 
7173 
5668 
6841 
8053 
4050 
1492 
4912 
3399 
9237 
4422 
9430 
8217 
6829 
5660 
9013 
7608 
7928 
7230 
8287 
6470 
1210 
1173 
7644 
1004 
8907 
1288 
7019 
9358 
1206 
4783 
2145 
5467 
7640 
7508 
1137 
8433 
9604 
8756 
4470 
4868 
3997 
2501 
8557 
6580 
7689 
7929 
2395 
4664 
1850 
5606 
8725 
3531 
5431 
3043 
3734 
8571 
4905 
2443 
9707 
4320 
3584 
4373 
2340 
6084 
8741 
5910 
4300 
4094 
8830 
3586 
6761 
1267 
3871 
8263 
3580 
6776 
5735 
4559 
9138 
6110 
6583 
1483 
9166 
1512 
5693 
8200 
4690 
1329 
9151 
5351 
2433 
8924 
1536 
7038 
9404 
8336 
7219 
2000 
7617 
9162 
1219 
2421 
8214 
6122 
8265 
9538 
9442 
4611 
5657 
2216 
8095 
2693 
6017 
5109 
1284 
4760 
4613 
4824 
9139 
8769 
4646 
6242 
1480 
1629 
3679 
7495 
9502 
3263 
8786 
8401 
1885 
4295 
4404 
4391
